med1_min = 2.700760000000000e+02
dev1_min = 3.307675629775093
inc1_min = 0.033076756297751


med2_min = 2.634641000000000e+02
dev2_min = 6.859870040437921
inc2_min = 0.068598700404379


med3_min = 2.622373000000000e+02
dev3_min = 7.191728638240041
inc3_min = 0.071917286382400