med1_max = 3.340372000000000e+02
dev1_max = 5.874475900598362
inc1_max = 0.058744759005984


med2_max = 3.283860000000000e+02
dev2_max = 2.996281323603807
inc2_max = 0.029962813236038


med3_max = 3.247452000000000e+02
dev3_max = 1.274691901576360
inc3_max = 0.012746919015764