med1_max = 2.874431000000000e+02
dev1_max = 1.497927491127985
inc1_max = 0.014979274911280


med2_max = 2.853455000000000e+02
dev2_max = 1.632236554429843
inc2_max = 0.016322365544298


med3_max = 2.885285000000000e+02
dev3_max = 1.560330482020194
inc3_max = 0.015603304820202