med1_max = 2.929436000000000e+02
dev1_max = 5.212056752718567
inc1_max = 0.052120567527186


med2_max = 2.929583000000000e+02
dev2_max = 4.629892515001775
inc2_max = 0.046298925150018


med3_max = 2.934598000000000e+02
dev3_max = 3.261111381836659
inc3_max = 0.032611113818367