med = 3.255772000000000e+02
dev = 3.036340247108287
inc = 0.030363402471083