med3 = 1.358900000000000
dev3 = 0.971486061926191
inc3 = 0.009714860619262

med2 = 1.401900000000000
dev2 = 1.000737996507456
inc2 = 0.010007379965075

med1 = 2.393700000000000
dev1 = 1.139925547141254
inc1 = 0.011399255471413