med1_max = 2.401633000000000e+02
dev1_max = 1.342986772588270
inc1_max = 0.013429867725883


med2_max = 2.359779000000000e+02
dev2_max = 1.394993258270100
inc2_max = 0.013949932582701


med3_max = 2.359779000000000e+02
dev3_max = 1.394993258270100
inc3_max = 0.013949932582701