media = 3.359783000000000e+02
dev = 3.480724156560719
ince = 0.034807241565607