med1_min = 2.535951000000000e+02
dev1_min = 0.950287479991957
inc1_min = 0.009502874799920


med2_min = 2.537369000000000e+02
dev2_min = 0.946661505925285
inc2_min = 0.009466615059253


med3_min = 2.537839000000000e+02
dev3_min = 0.965553737190198
inc3_min = 0.009655537371902