med1_min = 2.341742000000000e+02
dev1_min = 0.982828039432888
inc1_min = 0.009828280394329


med2_min = 2.320487000000000e+02
dev2_min = 0.993302987553392
inc2_min = 0.009933029875534


med3_min = 2.276978000000000e+02
dev3_min = 1.208892593297775
inc3_min = 0.012088925932978