med = 2.197689000000000e+02
dev = 3.865719489140089
inc = 0.038657194891401