med = 1.977007000000000e+02
dev = 3.695116357909394
inc = 0.036951163579094