med1 = 3.038682000000000e+02
dev1 = 0.748388113532583
inc1 = 0.007483881135326


med2 = 2.971604000000000e+02
dev2 = 1.110042818771420
inc2 = 0.011100428187714


med3 = 2.987078000000000e+02
dev3 = 0.889886706179482
inc3 = 0.008898867061795