med1_min = 2.360667000000000e+02
dev1_min = 3.022112576732150
inc1_min = 0.030221125767321


med2_min = 2.320487000000000e+02
dev2_min = 1.939511402505284
inc2_min = 0.019395114025053


med3_min = 2.292944000000000e+02
dev3_min = 1.829826075436319
inc3_min = 0.018298260754363